0.35
1.03
0.57
2.01
3.38
0.50
1.39
2.94
0.63
1.10
1.64
0.43
0.92
1.99
1.17
0.68
0.41
2.28
1.84
1.24
0.52
1.28
0.85
0.59
1.23
4.06
0.67
1.53
0.70
2.03
1.41
0.84
0.62
1.09
1.42
0.94
0.65
0.45
3.27
0.91
1.47
1.85
4.43
1.71
2.79
0.65
1.32
1.06
0.62
0.38
4.34
0.57
0.68
0.74
1.26
0.59
0.77
0.87
0.42
0.49
1.44
2.06
0.80
0.65
1.45
0.65
0.60
0.71
0.58
5.15
0.73
1.35
12.32
0.25
0.94
2.73
0.76
2.69
1.09
0.86
0.85
1.90
1.31
3.94
0.89
1.24
2.73
2.68
3.74
1.80
2.88
1.57
0.46
0.73
1.15
1.51
1.05
1.11
0.72
0.79
1.13
0.60
0.43
0.66
0.99
0.51
0.34
3.52
0.73
0.62
1.90
2.28
0.59
0.31
1.11
1.32
0.86
0.98
0.81
0.66
3.62
0.20
1.01
1.01
0.60
1.08
1.58
0.40
0.53
2.06
1.63
1.22
0.86
0.60
1.71
0.55
0.54
1.46
0.80
0.82
0.78
0.82
1.23
1.00
0.61
0.41
0.57
0.21
1.82
1.95
0.56
5.37
0.77
0.67
0.76
1.07
1.72
0.52
0.99
0.45
0.50
0.48
1.19
0.81
1.37
0.87
20.11
0.58
0.88
0.20
0.93
1.38
0.83
0.57
0.83
3.10
0.55
2.02
0.65
1.08
1.50
0.83
0.56
0.83
4.17
4.10
2.01
11.31
0.43
1.21
2.16
0.85
2.16
1.42
0.69
1.11
0.85
1.65
0.70
0.78
0.84
1.52
0.85
1.63
0.95
1.22
1.05
1.16
1.50
1.15
3.51
0.64
1.04
5.58
1.18
0.62
0.52
0.63
1.09
3.81
0.68
0.64
1.54
0.88
0.88
4.59
0.92
0.62
0.65
1.08
1.28
0.31
0.86
3.86
1.74
0.83
0.81
0.53
0.72
1.37
2.51
0.25
0.93
0.63
1.62
0.73
0.84
1.10
0.73
0.78
1.47
1.08
0.82
2.09
1.41
1.32
2.44
2.23
1.60
0.63
2.86
0.61
0.49
0.65
0.92
1.37
0.73
1.04
0.33
2.58
0.77
0.79
0.91
0.50
10.99
2.99
1.10
1.24
1.16
0.28
3.13
0.55
2.58
0.59
1.13
0.76
0.80
0.35
1.10
0.50
1.12
4.29
1.66
1.22
0.73
0.95
0.36
2.95
2.86
0.36
1.21
0.52
1.36
0.57
0.80
0.43
1.51
1.26
0.83
0.69
0.97
1.70
1.88
1.56
1.26
6.26
1.02
0.54
1.73
2.24
1.08
1.70
1.57
2.00
0.99
0.41
1.93
1.32
2.45
1.42
2.03
2.64
1.48
1.58
0.56
0.51
1.18
0.49
0.57
0.82
1.42
0.78
0.63
1.21
0.96
1.17
1.46
0.71
1.21
0.76
1.48
1.07
1.38
5.37
1.89
0.25
1.27
2.29
2.42
1.09
1.47
1.08
4.25
17.24
0.77
3.85
2.76
1.04
0.53
1.57
0.72
0.54
0.95
0.96
0.48
1.20
1.27
1.65
0.32
0.70
3.06
0.43
0.71
1.25
1.29
0.68
0.97
1.82
1.53
1.47
0.53
0.67
0.57
1.29
1.38
0.61
0.65
1.11
0.28
0.81
0.92
0.19
0.89
1.22
0.85
5.99
0.77
0.63
0.40
1.05
0.75
0.31
1.57
0.28
0.73
2.50
1.37
0.54
0.89
7.87
3.44
0.55
2.49
0.40
0.77
0.90
0.54
0.28
3.36
1.95
1.10
0.69
2.00
0.58
1.08
0.43
0.85
0.68
1.43
2.90
2.45
0.65
0.36
0.47
0.57
1.22
1.51
1.94
0.97
1.31
0.93
1.13
4.53
0.24
2.73
2.71
0.68
1.15
2.10
1.23
1.09
0.92
0.87
3.83
1.29
0.36
1.52
1.00
0.84
0.61
0.73
1.43
2.33
1.78
0.60
4.41
0.84
0.74
2.15
0.97
8.70
1.81
0.98
0.81
2.39
0.72
0.90
0.81
0.43
1.24
0.44
2.72
0.52
1.90
0.87
1.66
1.19
1.30
1.04
2.88
0.63
8.06
1.36
1.09
0.71
0.74
1.58
2.63
4.17
1.33
1.02
0.67
0.55
0.37
0.93
0.88
1.57
0.54
1.55
1.41
1.06
1.68
2.21
1.24
0.43
0.90
1.97
0.86
0.65
4.63
2.22
0.80
1.32
0.63
0.75
1.12
1.32
0.74
0.98
0.77
1.66
0.61
0.76
1.46
0.56
1.34
0.89
0.71
0.65
1.70
1.11
0.78
1.05
0.97
1.43
0.48
1.87
2.07
0.77
0.53
1.39
1.59
0.94
0.44
1.60
4.61
0.62
0.91
0.75
0.55
3.52
2.87
0.33
1.27
1.67
1.31
0.62
1.59
0.67
12.07
0.70
1.48
2.39
1.10
1.42
0.78
0.51
2.50
0.84
2.26
1.02
2.35
0.48
1.96
2.23
1.97
1.00
1.37
0.72
0.60
0.90
0.59
0.81
1.26
4.59
0.65
6.75
0.85
0.86
0.79
0.56
0.65
0.65
2.10
0.90
1.97
0.90
0.91
2.01
1.90
0.98
0.69
0.88
3.07
1.08
0.74
1.47
0.78
1.84
2.35
0.76
1.62
0.35
1.21
2.30
0.81
1.14
0.39
0.99
0.57
3.30
1.47
1.35
1.58
0.59
0.42
2.86
1.72
1.30
1.25
0.70
0.88
0.64
2.28
0.65
5.65
1.17
0.41
0.59
0.73
1.55
0.43
0.65
1.11
1.98
3.41
2.85
1.59
0.65
0.88
1.40
0.38
0.79
0.88
0.93
0.98
0.99
0.52
2.09
10.68
3.63
0.24
2.01
0.98
1.56
0.90
0.75
1.19
1.16
0.68
1.48
0.92
1.53
0.70
0.58
1.26
0.78
1.27
0.69
1.98
1.01
1.52
1.30
1.01
8.00
1.62
0.17
1.58
0.51
1.00
4.55
1.08
1.04
0.89
1.08
1.48
1.59
2.15
1.24
1.81
1.38
1.24
1.91
1.31
1.71
0.21
0.74
0.55
1.43
0.85
1.56
1.26
1.02
0.57
1.64
0.62
0.73
0.71
0.81
0.67
0.34
2.72
1.61
0.97
0.41
0.96
1.85
1.79
0.65
0.93
0.63
3.38
1.20
0.66
1.15
0.47
1.19
2.02
5.30
2.76
1.36
1.18
0.41
1.33
1.14
1.33
0.44
2.25
1.40
0.67
1.94
4.99
0.65
0.70
1.34
1.31
1.34
1.51
1.67
0.69
0.34
1.12
0.32
1.89
0.73
0.79
0.52
0.77
6.63
1.93
2.51
1.08
1.25
1.33
0.81
0.85
0.83
1.54
0.85
0.69
0.85
0.88
2.60
0.81
0.57
1.27
2.19
0.58
2.90
2.49
1.29
1.26
4.74
0.51
0.65
1.38
0.84
1.41
1.05
0.47
2.44
1.31
1.47
0.64
1.56
1.27
1.16
1.77
1.07
1.14
0.53
0.59
1.62
0.79
1.22
0.70
0.69
0.68
0.44
1.25
2.50
0.89
0.78
0.78
0.53
1.27
0.66
0.86
1.05
0.76
0.88
1.48
2.74
0.84
1.24
2.01
0.85
1.38
0.81
0.66
2.20
1.77
0.86
1.41
3.02
6.18
1.30
2.47
0.89
1.34
1.15
0.71
0.72
0.76
1.13
1.18
0.76
0.96
0.58
0.59
0.49
1.94
1.28
0.57
0.67
2.23
3.10
1.61
0.73
0.95
2.26
0.59
0.73
0.32
0.62
1.47
3.12
1.20
1.15
0.18
1.14
5.21
0.62
0.68
0.69
0.68
0.84
0.81
0.84
2.71
1.51
0.50
0.11
0.79
0.40
0.55
0.77
6.61
0.64
1.88
0.80
0.88
1.38
1.42
1.07
0.38
1.58
0.98
1.27
0.75
0.91
4.88
5.05
2.92
2.13
1.13
0.43
0.74
0.70
0.10
0.52
2.32
0.51
0.68
0.68
1.45
0.55
0.52
0.79
0.94
1.07
4.75
0.12
0.43
0.33
1.36
0.80
0.45
0.51
1.40
0.59
0.97
0.63
0.82
0.46
0.82
2.46
1.87
0.92
0.66
0.45
1.08
0.73
1.06
0.82
3.68
0.76
1.10
1.20
0.76
2.33
0.52
0.39
0.81
0.82
0.64
3.23
1.86
0.43
0.86
2.70
1.21
1.71
0.63
0.86
1.22
1.98
0.58
1.36
0.43
